[
   [
      42.718354,
      18.586802
   ],
   [
      43.916284,
      18.43406
   ],
   [
      41.459148,
      18.755401
   ],
   [
      43.575355,
      16.188431
   ],
   [
      42.560958,
      16.769001
   ],
   [
      42.969008,
      17.372059
   ],
   [
      45.340021,
      16.127732
   ],
   [
      41.515224,
      19.198597
   ],
   [
      42.877037,
      18.214953
   ],
   [
      43.609156,
      18.16502
   ],
   [
      45.003094,
      17.406723
   ],
   [
      44.491458,
      19.981901
   ],
   [
      45.566642,
      17.456895
   ],
   [
      45.32385,
      20.442189
   ],
   [
      41.727667,
      16.67262
   ],
   [
      44.279097,
      20.937751
   ],
   [
      45.471795,
      20.55544
   ],
   [
      42.324226,
      19.406361
   ],
   [
      41.0054,
      17.363174
   ],
   [
      42.345822,
      18.087637
   ],
   [
      42.285338,
      18.284617
   ],
   [
      45.611715,
      16.523602
   ],
   [
      44.573057,
      19.125272
   ],
   [
      42.610052,
      18.806306
   ],
   [
      42.38815,
      17.404648
   ],
   [
      44.406744,
      18.341394
   ],
   [
      43.945991,
      18.716757
   ],
   [
      45.253543,
      18.333384
   ],
   [
      41.432971,
      20.171868
   ],
   [
      41.088122,
      20.574458
   ],
   [
      45.21718,
      19.26297
   ],
   [
      41.720921,
      19.728514
   ],
   [
      44.416568,
      18.306527
   ],
   [
      42.635193,
      18.978108
   ],
   [
      44.381455,
      16.364306
   ],
   [
      41.851122,
      16.581523
   ],
   [
      42.293671,
      18.923673
   ],
   [
      42.156444,
      17.405389
   ],
   [
      44.520633,
      19.241546
   ],
   [
      43.327173,
      16.595664
   ],
   [
      42.168779,
      16.177273
   ],
   [
      44.019521,
      16.882151
   ],
   [
      41.032225,
      17.932419
   ],
   [
      42.537303,
      17.119515
   ],
   [
      41.366235,
      17.519581
   ],
   [
      41.006598,
      19.743932
   ],
   [
      44.615558,
      20.87461
   ],
   [
      45.606053,
      16.528167
   ],
   [
      44.282271,
      17.378553
   ],
   [
      44.067132,
      17.891059
   ],
   [
      41.583954,
      16.166086
   ],
   [
      41.602256,
      20.205018
   ],
   [
      44.912195,
      17.47138
   ],
   [
      41.956998,
      18.845247
   ],
   [
      44.184245,
      16.866579
   ],
   [
      41.043446,
      17.497162
   ],
   [
      43.744849,
      18.217187
   ],
   [
      42.076498,
      18.923636
   ],
   [
      43.346207,
      19.681651
   ],
   [
      44.314531,
      17.098402
   ],
   [
      42.473585,
      16.873606
   ],
   [
      44.235154,
      16.582394
   ],
   [
      43.089088,
      19.318315
   ],
   [
      42.984864,
      20.707743
   ],
   [
      43.760022,
      18.062047
   ],
   [
      45.288015,
      19.804803
   ],
   [
      43.168411,
      18.231414
   ],
   [
      43.087339,
      17.639251
   ],
   [
      43.209509,
      17.891394
   ],
   [
      43.724731,
      16.291459
   ],
   [
      41.547393,
      19.604105
   ],
   [
      44.164551,
      19.78245
   ],
   [
      45.83388,
      16.389261
   ],
   [
      41.995077,
      19.934427
   ],
   [
      42.367073,
      18.715991
   ],
   [
      44.182426,
      16.82456
   ],
   [
      42.438597,
      16.880163
   ],
   [
      42.261259,
      19.551622
   ],
   [
      43.609813,
      19.910308
   ],
   [
      42.959436,
      18.052182
   ],
   [
      45.581834,
      17.137069
   ],
   [
      44.379154,
      20.168422
   ],
   [
      41.367381,
      16.386928
   ],
   [
      43.018149,
      19.465682
   ],
   [
      44.755724,
      18.437645
   ],
   [
      45.698428,
      16.845014
   ],
   [
      42.308704,
      19.625329
   ],
   [
      42.119946,
      18.665307
   ],
   [
      41.408761,
      20.868981
   ],
   [
      45.798551,
      18.970089
   ],
   [
      43.477663,
      20.562246
   ],
   [
      45.473056,
      20.922076
   ],
   [
      44.98847,
      16.736422
   ],
   [
      44.083332,
      16.168996
   ],
   [
      43.237712,
      19.512146
   ],
   [
      41.898338,
      17.198177
   ],
   [
      44.62255,
      19.548261
   ],
   [
      44.064101,
      17.522278
   ],
   [
      45.003602,
      18.736084
   ],
   [
      44.810271,
      16.335189
   ],
   [
      45.11395,
      16.818427
   ],
   [
      42.654795,
      17.403107
   ],
   [
      44.312116,
      18.822107
   ],
   [
      45.134515,
      17.619394
   ],
   [
      44.139252,
      20.948181
   ],
   [
      45.486651,
      20.978256
   ],
   [
      45.952492,
      20.294943
   ],
   [
      42.507237,
      20.002785
   ],
   [
      45.578489,
      17.040203
   ],
   [
      42.044121,
      20.082526
   ],
   [
      44.500496,
      19.436436
   ],
   [
      43.527161,
      18.10008
   ],
   [
      41.159556,
      17.501665
   ],
   [
      41.131817,
      17.11261
   ],
   [
      45.641734,
      18.363556
   ],
   [
      45.811955,
      19.217351
   ],
   [
      43.101506,
      18.617495
   ],
   [
      44.925736,
      19.19327
   ],
   [
      43.189149,
      17.919323
   ],
   [
      45.488235,
      16.484217
   ],
   [
      45.459057,
      20.095624
   ],
   [
      43.761554,
      18.503409
   ],
   [
      43.549151,
      18.872307
   ],
   [
      43.581233,
      16.105332
   ],
   [
      41.222076,
      17.557004
   ],
   [
      41.750411,
      17.798441
   ],
   [
      42.060332,
      16.850789
   ],
   [
      44.371862,
      16.297204
   ],
   [
      41.910435,
      19.65306
   ],
   [
      41.012802,
      19.490617
   ],
   [
      42.150887,
      16.87298
   ],
   [
      44.53084,
      20.355741
   ],
   [
      45.640056,
      17.138161
   ],
   [
      42.39881,
      18.573251
   ],
   [
      43.583406,
      18.0544
   ],
   [
      45.030229,
      18.813599
   ],
   [
      44.377421,
      18.883391
   ],
   [
      42.164262,
      20.963517
   ],
   [
      44.959446,
      18.534298
   ],
   [
      45.167214,
      18.863372
   ],
   [
      41.254291,
      19.689917
   ],
   [
      44.565015,
      20.855217
   ],
   [
      45.469376,
      20.180912
   ],
   [
      43.053781,
      19.684748
   ],
   [
      43.124793,
      20.677829
   ],
   [
      41.988982,
      20.388865
   ],
   [
      41.321776,
      16.6025
   ],
   [
      44.986923,
      17.85301
   ],
   [
      44.234741,
      16.152099
   ],
   [
      43.4495,
      18.737393
   ],
   [
      43.198815,
      17.541613
   ],
   [
      43.300278,
      19.572484
   ],
   [
      41.799373,
      20.14105
   ],
   [
      44.500415,
      18.777775
   ],
   [
      41.469851,
      19.140031
   ],
   [
      44.643007,
      17.913807
   ],
   [
      44.800214,
      20.609899
   ],
   [
      43.37235,
      16.991869
   ],
   [
      41.971222,
      16.756811
   ],
   [
      44.270332,
      20.429278
   ],
   [
      41.644624,
      18.619337
   ],
   [
      42.600297,
      19.533657
   ],
   [
      45.238712,
      16.420543
   ],
   [
      45.31253,
      20.236595
   ],
   [
      44.043826,
      17.518799
   ],
   [
      43.528683,
      20.316198
   ],
   [
      43.154992,
      17.414957
   ],
   [
      44.346547,
      16.352513
   ],
   [
      41.639241,
      17.745774
   ],
   [
      43.484768,
      16.769505
   ],
   [
      41.136997,
      18.30603
   ],
   [
      43.746827,
      19.233629
   ],
   [
      45.242362,
      16.280235
   ],
   [
      42.986973,
      16.90632
   ],
   [
      41.829484,
      16.53388
   ],
   [
      42.420217,
      19.417144
   ],
   [
      45.594524,
      20.925285
   ],
   [
      43.942997,
      20.066166
   ],
   [
      43.265346,
      18.886318
   ],
   [
      43.190051,
      17.404753
   ],
   [
      43.653153,
      20.283407
   ],
   [
      44.019108,
      16.543037
   ],
   [
      45.513234,
      20.451621
   ],
   [
      43.076729,
      17.272234
   ],
   [
      43.76844,
      19.48888
   ],
   [
      41.047458,
      18.205381
   ],
   [
      43.626407,
      18.981675
   ],
   [
      44.358136,
      19.853089
   ],
   [
      43.962054,
      20.633763
   ],
   [
      41.667221,
      17.173646
   ],
   [
      41.542168,
      20.864576
   ],
   [
      45.322117,
      19.088902
   ],
   [
      44.700461,
      16.677324
   ],
   [
      41.416194,
      18.70315
   ],
   [
      42.860713,
      19.107088
   ],
   [
      44.800801,
      18.737988
   ],
   [
      43.939623,
      19.268947
   ],
   [
      44.531247,
      17.076846
   ],
   [
      44.956336,
      19.318467
   ],
   [
      41.458626,
      20.531981
   ],
   [
      42.157909,
      19.091168
   ],
   [
      43.81792,
      20.666539
   ],
   [
      44.113854,
      17.981484
   ],
   [
      44.1771,
      18.589651
   ],
   [
      43.982834,
      18.578719
   ],
   [
      42.217498,
      20.453557
   ],
   [
      43.272188,
      17.222208
   ],
   [
      45.082006,
      19.484905
   ],
   [
      41.0246,
      17.39973
   ],
   [
      41.115213,
      20.164445
   ],
   [
      44.962041,
      19.90228
   ],
   [
      41.397141,
      18.638042
   ],
   [
      45.948517,
      19.188734
   ],
   [
      44.407356,
      19.418914
   ],
   [
      43.92886,
      19.000845
   ],
   [
      42.981657,
      18.367244
   ],
   [
      43.948874,
      17.297313
   ],
   [
      45.383947,
      20.261856
   ],
   [
      44.195171,
      19.180481
   ],
   [
      44.386612,
      17.209284
   ],
   [
      41.109363,
      17.46575
   ],
   [
      42.652111,
      19.317446
   ],
   [
      45.895044,
      18.467915
   ],
   [
      44.863873,
      16.216245
   ],
   [
      44.206151,
      20.641667
   ],
   [
      42.596735,
      18.730232
   ],
   [
      44.140161,
      18.5568
   ],
   [
      41.934595,
      19.995333
   ],
   [
      42.767921,
      19.433299
   ],
   [
      42.799676,
      20.350603
   ],
   [
      45.808251,
      17.622655
   ],
   [
      44.16121,
      16.770754
   ],
   [
      41.72702,
      19.405253
   ],
   [
      43.476822,
      16.598167
   ],
   [
      43.372725,
      20.517778
   ],
   [
      42.629857,
      16.360335
   ],
   [
      43.417566,
      17.546866
   ],
   [
      42.22078,
      19.838325
   ],
   [
      42.178235,
      19.947539
   ],
   [
      43.927134,
      20.164959
   ],
   [
      42.669173,
      20.02019
   ],
   [
      44.10235,
      16.091976
   ],
   [
      45.538,
      18.35845
   ],
   [
      45.811155,
      17.794305
   ],
   [
      44.108298,
      17.961336
   ],
   [
      41.051875,
      20.862197
   ],
   [
      41.842885,
      19.765218
   ],
   [
      41.059741,
      18.547091
   ],
   [
      45.949221,
      19.821808
   ],
   [
      41.150767,
      17.773026
   ],
   [
      43.118476,
      19.02858
   ],
   [
      43.327396,
      16.358833
   ],
   [
      44.360187,
      18.622339
   ],
   [
      42.110892,
      16.880382
   ],
   [
      44.797599,
      16.284781
   ],
   [
      41.675432,
      16.361576
   ],
   [
      45.24465,
      20.828354
   ],
   [
      42.793447,
      17.389513
   ],
   [
      44.98559,
      16.713432
   ],
   [
      44.675513,
      20.818276
   ],
   [
      42.186737,
      20.607495
   ],
   [
      42.038722,
      17.206054
   ],
   [
      43.049368,
      17.102758
   ],
   [
      43.940211,
      18.751237
   ],
   [
      41.53957,
      18.279739
   ],
   [
      42.99747,
      20.554784
   ],
   [
      41.431504,
      16.417031
   ],
   [
      41.673515,
      17.061889
   ],
   [
      42.181368,
      16.949907
   ],
   [
      42.739721,
      19.46132
   ],
   [
      45.780761,
      16.587154
   ],
   [
      41.938005,
      16.36418
   ],
   [
      45.956295,
      19.980088
   ],
   [
      45.428445,
      18.696327
   ],
   [
      42.995751,
      18.897082
   ],
   [
      41.337677,
      17.427341
   ],
   [
      41.230877,
      20.942381
   ],
   [
      41.359408,
      20.316895
   ],
   [
      44.043763,
      18.934935
   ],
   [
      43.436794,
      16.757067
   ],
   [
      43.734503,
      18.347725
   ],
   [
      41.881981,
      20.624301
   ],
   [
      41.078676,
      19.222385
   ],
   [
      44.070138,
      16.369017
   ],
   [
      43.643207,
      20.333306
   ],
   [
      42.676839,
      18.306477
   ],
   [
      43.135933,
      19.194571
   ],
   [
      44.511414,
      17.337997
   ],
   [
      43.241657,
      17.196661
   ],
   [
      43.344863,
      18.343592
   ],
   [
      43.472003,
      16.07749
   ],
   [
      43.76441,
      20.001668
   ],
   [
      44.999732,
      19.306418
   ],
   [
      45.69222,
      20.260544
   ],
   [
      42.751513,
      16.523106
   ],
   [
      41.753887,
      17.375916
   ],
   [
      41.324807,
      18.6737
   ],
   [
      41.963413,
      16.075942
   ],
   [
      42.022495,
      16.827214
   ],
   [
      44.674823,
      17.114871
   ],
   [
      42.181406,
      16.129081
   ],
   [
      43.464446,
      19.29796
   ],
   [
      42.559761,
      17.170142
   ],
   [
      44.637203,
      20.306872
   ],
   [
      44.839618,
      18.400666
   ],
   [
      44.217121,
      18.520009
   ],
   [
      45.068369,
      20.840912
   ],
   [
      44.605373,
      16.57318
   ],
   [
      44.830441,
      17.22811
   ],
   [
      43.697106,
      18.456435
   ],
   [
      45.695604,
      20.471429
   ],
   [
      41.252273,
      16.94622
   ],
   [
      42.094554,
      18.822073
   ],
   [
      42.950455,
      18.29558
   ],
   [
      41.766748,
      16.372585
   ],
   [
      41.816812,
      16.823036
   ],
   [
      42.160716,
      16.84742
   ],
   [
      42.667182,
      16.07574
   ],
   [
      41.298663,
      17.338255
   ],
   [
      44.524439,
      16.80226
   ],
   [
      45.386511,
      19.128924
   ],
   [
      42.592618,
      18.841422
   ],
   [
      42.31831,
      18.440447
   ],
   [
      43.305332,
      17.906411
   ],
   [
      45.392682,
      19.490718
   ],
   [
      41.066034,
      18.603886
   ],
   [
      41.406379,
      20.686571
   ],
   [
      44.253592,
      16.241855
   ],
   [
      42.341646,
      20.619269
   ],
   [
      44.845492,
      19.104802
   ],
   [
      45.713524,
      17.48545
   ],
   [
      43.145973,
      20.66442
   ],
   [
      41.853455,
      20.089244
   ],
   [
      45.41681,
      19.876906
   ],
   [
      42.09296,
      20.819487
   ],
   [
      45.469858,
      19.596373
   ],
   [
      41.255184,
      20.521322
   ],
   [
      43.002887,
      18.193648
   ],
   [
      41.866062,
      20.002091
   ],
   [
      42.766478,
      20.782244
   ],
   [
      43.479572,
      19.533712
   ],
   [
      42.963577,
      17.354782
   ],
   [
      41.300341,
      20.161416
   ],
   [
      44.260637,
      16.274443
   ],
   [
      44.259039,
      18.822088
   ],
   [
      41.185742,
      16.038942
   ],
   [
      43.776304,
      18.946492
   ],
   [
      44.725105,
      16.354843
   ],
   [
      43.834743,
      16.245328
   ],
   [
      42.710995,
      16.672868
   ],
   [
      43.347282,
      20.215064
   ],
   [
      45.693992,
      16.042114
   ],
   [
      45.312882,
      19.02968
   ],
   [
      44.899565,
      19.572578
   ],
   [
      41.405355,
      17.851439
   ],
   [
      45.857973,
      20.996361
   ],
   [
      41.250871,
      18.332453
   ],
   [
      41.672309,
      20.095549
   ],
   [
      41.332014,
      20.02867
   ],
   [
      44.834312,
      16.235563
   ],
   [
      45.128193,
      20.278528
   ],
   [
      42.027645,
      19.813517
   ],
   [
      45.402754,
      16.61898
   ],
   [
      44.267616,
      16.07376
   ],
   [
      41.793747,
      18.272295
   ],
   [
      41.904281,
      18.092065
   ],
   [
      44.793053,
      16.671907
   ],
   [
      43.468846,
      18.864023
   ],
   [
      42.774226,
      18.62542
   ],
   [
      41.550052,
      19.167494
   ],
   [
      43.828001,
      20.485283
   ],
   [
      43.074594,
      18.573597
   ],
   [
      45.556364,
      18.79976
   ],
   [
      41.537989,
      18.322994
   ],
   [
      45.116933,
      18.097915
   ],
   [
      41.462791,
      16.348157
   ],
   [
      45.295475,
      16.059149
   ],
   [
      42.935144,
      17.458947
   ],
   [
      45.031345,
      16.655669
   ],
   [
      41.972698,
      20.372728
   ],
   [
      42.189531,
      16.586141
   ],
   [
      44.819222,
      19.675672
   ],
   [
      43.848966,
      17.864288
   ],
   [
      43.314499,
      18.032408
   ],
   [
      45.752753,
      17.821438
   ],
   [
      41.111642,
      18.274664
   ],
   [
      45.683945,
      19.549664
   ],
   [
      41.211714,
      17.382156
   ],
   [
      42.466238,
      20.605999
   ],
   [
      44.073496,
      20.683843
   ],
   [
      42.474163,
      18.039618
   ],
   [
      42.087843,
      20.930816
   ],
   [
      42.950297,
      19.362443
   ],
   [
      44.014389,
      17.112459
   ],
   [
      44.641696,
      19.407423
   ],
   [
      42.380409,
      17.586262
   ],
   [
      41.042679,
      20.335516
   ],
   [
      41.823189,
      19.354858
   ],
   [
      43.064449,
      19.529758
   ],
   [
      43.123473,
      20.61424
   ],
   [
      45.437512,
      16.080195
   ],
   [
      44.24992,
      20.818126
   ],
   [
      45.519015,
      19.706351
   ],
   [
      42.444743,
      19.560256
   ],
   [
      41.079877,
      18.706108
   ],
   [
      44.826635,
      16.352842
   ],
   [
      42.722588,
      17.821176
   ],
   [
      41.986045,
      19.223843
   ],
   [
      44.843886,
      16.714793
   ],
   [
      43.342173,
      20.163532
   ],
   [
      44.975445,
      19.547681
   ],
   [
      41.307605,
      19.99936
   ],
   [
      44.95325,
      20.668304
   ],
   [
      45.643061,
      19.775161
   ],
   [
      44.758495,
      17.097137
   ],
   [
      41.663318,
      20.041185
   ],
   [
      43.121654,
      20.866064
   ],
   [
      44.993926,
      20.424669
   ],
   [
      43.028053,
      18.688376
   ],
   [
      44.05899,
      18.41599
   ],
   [
      42.893529,
      16.113937
   ],
   [
      44.908888,
      20.630376
   ],
   [
      44.870263,
      18.178656
   ],
   [
      42.345067,
      18.838897
   ],
   [
      43.283531,
      19.7574
   ],
   [
      43.058123,
      17.227583
   ],
   [
      42.379059,
      20.765431
   ],
   [
      41.013543,
      19.0974
   ],
   [
      41.725941,
      16.350677
   ],
   [
      44.080403,
      20.263462
   ],
   [
      42.56228,
      17.509554
   ],
   [
      44.258564,
      18.787708
   ],
   [
      44.693557,
      19.099207
   ],
   [
      41.587171,
      18.121471
   ],
   [
      42.851643,
      18.142221
   ],
   [
      41.644248,
      20.372871
   ],
   [
      45.273427,
      18.212275
   ],
   [
      45.142944,
      16.68596
   ],
   [
      44.917156,
      19.006898
   ],
   [
      43.126724,
      20.559387
   ],
   [
      44.039216,
      19.076085
   ],
   [
      42.854021,
      20.969197
   ],
   [
      43.915725,
      17.642394
   ],
   [
      44.398697,
      17.000352
   ],
   [
      41.46736,
      17.709219
   ],
   [
      44.718107,
      17.951573
   ],
   [
      45.544283,
      20.240254
   ],
   [
      41.884724,
      20.152159
   ],
   [
      41.244032,
      17.782326
   ],
   [
      44.454501,
      16.403912
   ],
   [
      45.149449,
      17.993562
   ],
   [
      44.560113,
      16.556842
   ],
   [
      41.161499,
      19.799502
   ],
   [
      45.770195,
      16.314914
   ],
   [
      41.592168,
      17.529143
   ],
   [
      44.114428,
      18.197795
   ],
   [
      41.979603,
      16.548119
   ],
   [
      42.845842,
      17.678434
   ],
   [
      45.128258,
      18.068737
   ],
   [
      43.017292,
      18.357081
   ],
   [
      42.988175,
      18.419018
   ],
   [
      44.487153,
      20.103061
   ],
   [
      42.369793,
      16.465403
   ],
   [
      41.101427,
      19.264341
   ],
   [
      43.075963,
      18.351025
   ],
   [
      43.867502,
      17.806537
   ],
   [
      42.844337,
      17.247903
   ],
   [
      44.920584,
      16.868755
   ],
   [
      44.958877,
      16.044415
   ],
   [
      41.220394,
      19.924061
   ],
   [
      43.351466,
      19.379207
   ],
   [
      41.701772,
      16.96122
   ],
   [
      44.273636,
      17.083838
   ],
   [
      43.692114,
      18.890148
   ],
   [
      41.087004,
      20.500589
   ],
   [
      43.518008,
      19.767221
   ],
   [
      44.686222,
      20.414726
   ],
   [
      45.484237,
      18.578656
   ],
   [
      41.482697,
      17.457952
   ],
   [
      42.736023,
      18.24104
   ],
   [
      42.364281,
      19.617021
   ],
   [
      43.952033,
      19.672105
   ],
   [
      43.165998,
      17.776703
   ],
   [
      43.092499,
      17.560886
   ],
   [
      43.891366,
      20.73261
   ],
   [
      44.99733,
      18.697501
   ],
   [
      41.047183,
      17.432632
   ],
   [
      43.826089,
      18.013936
   ],
   [
      41.733067,
      18.519848
   ],
   [
      44.85391,
      17.463298
   ],
   [
      45.210434,
      16.571714
   ],
   [
      43.598306,
      18.558289
   ],
   [
      41.411403,
      20.174857
   ],
   [
      42.998509,
      18.562009
   ],
   [
      43.020533,
      19.416846
   ],
   [
      43.147881,
      18.564814
   ],
   [
      45.628785,
      17.054316
   ],
   [
      43.25086,
      18.920632
   ],
   [
      41.517065,
      16.126684
   ],
   [
      42.115873,
      17.743419
   ]
]